36, 12 3;
37, 12 3;
38, 12 3;
39, 12 3;
40, 12 3;
41, 12 3;
42, 12 3;
43, 12 3;
44, 12 3;
45, 12 3;
46, 12 3;
47, 12 3;
48, 12 3;
49, 12 3;
50, 12 3;
51, 12 3;
52, 44 3;
53, 44 3;
54, 44 3;
55, 44 3;
56, 44 3;
57, 44 3;
58, 44 3;
59, 44 3;
60, 44 3;
61, 44 3;
62, 44 3;
63, 44 3;
64, 44 3;
65, 44 3;
66, 44 3;
67, 44 3;
68, 36 3;
69, 36 3;
70, 36 3;
71, 36 3;
72, 36 3;
73, 36 3;
74, 36 3;
75, 36 3;
76, 36 3;
77, 36 3;
78, 36 3;
79, 36 3;
80, 36 3;
81, 36 3;
82, 36 3;
83, 36 3;
84, 24 3;
85, 24 3;
86, 24 3;
87, 24 3;
88, 24 3;
89, 24 3;
90, 24 3;
91, 24 3;
92, 24 3;
93, 24 3;
94, 24 3;
95, 24 3;
96, 24 3;
97, 24 3;
98, 24 3;
99, 24 3;
100, 0 123;
101, 0 123;
102, 0 123;
103, 0 123;
106, 11 9;
107, 121 120;